0 0
-0.0123716 0.307875
-0.0926869 0.222451
-0.189598 0.103835
-0.275784 0.224485
0.676168 0.140087
0.739801 0.38589
0.0548801 0.905819
-0.20126 0.945338
-0.13199 0.885656
-0.137118 0.398047
-0.18368 0.270525
-0.262764 0.158602
-0.3792 0.463967
-0.416734 0.340341
-1.07759 0.666995
-1.27197 -0.195855
-1.64834 0.246193
-2.50505 -0.138967
-2.23448 0.027072
-2.64293 -0.0160951
-2.06695 0.121572
-1.51542 0.50244
-1.01744 0.734735
-1.53944 1.06449
-1.50824 1.15447
-1.74865 0.877504
-1.67169 0.920209
-2.01277 1.63229
-1.06447 1.57388
-1.18265 2.42061
-1.07269 2.29153
-0.570551 2.15765
-0.392122 2.60443
-0.527393 2.16753
-0.397312 2.17391
-0.182068 2.0306
0.450831 2.11164
0.512582 2.09739
0.522384 2.10407
0.212002 2.97988
0.844566 2.36427
1.26551 2.97167
1.00932 2.90331
0.180944 2.68903
0.155261 2.0815
0.221193 2.0708
-0.249573 1.64596
-0.672259 0.807201
-0.476689 0.412958
-0.626386 0.392324
-0.619488 -0.094949
-1.05482 0.163298
-0.865948 0.504171
-0.877602 0.447501
-1.07107 0.601631
-1.35018 1.06171
-1.40371 1.5665
-2.21486 1.05151
-2.52226 1.10827
-2.4228 0.843641
-2.45094 0.873428
-2.43649 0.731494
-2.11114 0.0556428
-2.37154 -0.325546
-2.08668 -0.873713
-2.01902 -1.51538
-2.26636 -0.995916
-2.0964 -1.4914
-1.28533 -1.81575
-1.38015 -1.50919
-1.38525 -1.44963
-1.66569 -1.70612
-2.10995 -1.49039
-2.21325 -1.45015
-1.97462 -0.891717
-2.10963 -0.978732
-2.42088 -1.29296
-2.60858 -1.11793
-3.09436 -0.479012
-3.46222 -1.33505
-3.84736 -1.66273
-3.57957 -1.86043
-4.33301 -1.54555
-5.29883 -1.49829
-4.96245 -1.40111
-4.93966 -1.42163
-5.77565 -1.33257
-5.2296 -1.14329
-5.09104 -0.62231
-5.92667 -0.659223
-5.58889 -0.675545
-6.13634 -1.00242
-6.15032 -0.99182
-5.67842 -1.39457
-5.41961 -1.14815
-5.34394 -1.09575
-5.08534 -1.14699
-5.07577 -1.99377
-4.96749 -2.5493
-5.80392 -2.19866
-5.02074 -2.04393
-5.65151 -1.53504
-5.66059 -1.51895
-6.057 -1.65604
-6.1317 -1.71155
-5.9782 -1.34484
-6.1111 -1.31128
-6.33716 -2.05352
-6.57459 -2.20946
-6.45397 -2.09053
-5.64797 -2.28447
-5.09674 -1.91854
-4.60063 -1.23478
-4.59848 -1.13207
-4.8338 -1.34905
-4.9164 -1.41266
-4.94277 -1.35401
-4.93677 -1.94873
-4.27729 -2.54107
-4.40803 -2.58129
-4.1019 -2.74878
-4.16927 -3.52078
-4.48203 -3.27107
-4.86332 -3.19313
-4.75523 -3.33689
-4.29451 -3.85586
-4.58342 -4.17665
-4.59389 -5.00552
-3.85824 -5.36698
-3.60511 -5.72856
-3.59473 -5.07069
-3.32378 -4.7128
-3.52705 -4.60499
-3.51856 -4.5992
-3.59859 -4.79829
-4.33581 -4.48727
-4.06326 -4.36312
-4.53432 -4.59855
-4.46771 -5.40592
-4.97801 -5.76403
-4.9721 -5.93847
-5.41901 -5.53447
-5.95047 -4.90324
-6.78469 -5.41512
-6.47387 -6.15554
-6.38693 -6.06459
-6.57514 -6.08426
-6.89034 -5.98831
-6.91001 -5.99192
-6.87225 -5.96823
-6.40056 -5.54931
-5.59131 -6.08428
-5.99461 -6.00514
-6.20411 -6.01631
-6.00923 -5.81516
-6.04142 -5.41652
-6.17502 -5.66046
-6.77333 -5.57896
-6.88783 -5.86079
-6.79778 -6.749
-7.50319 -7.13079
