0.08 -0.095 0.1055 -0.09055 
0.0614475 -0.0891975 0.110303 -0.0825028 
0.044275 -0.0826296 0.114367 -0.0757117 
0.0284258 -0.0753394 0.117655 -0.0700412 
0.0138527 -0.0673759 0.120138 -0.0653661 
0.000516112 -0.0587933 0.121789 -0.0615703 
-0.0116173 -0.0496512 0.12259 -0.0585461 
-0.0225759 -0.0400135 0.122529 -0.0561935 
-0.0323838 -0.0299486 0.121597 -0.0544195 
-0.0410629 -0.0195285 0.119797 -0.0531376 
-0.0486329 -0.0088287 0.117133 -0.0522675 
-0.0551127 0.00207297 0.11362 -0.0517344 
-0.0605211 0.0130963 0.109276 -0.051469 
-0.0648775 0.0241596 0.104128 -0.0514068 
-0.0682024 0.0351802 0.0982077 -0.0514883 
-0.070518 0.0460751 0.0915537 -0.0516586 
-0.071849 0.0567616 0.0842097 -0.0518672 
-0.0722223 0.0671579 0.0762255 -0.0520678 
-0.071668 0.0771837 0.0676556 -0.0522186 
-0.0702191 0.0867608 0.0585598 -0.0522815 
-0.0679122 0.0958139 0.0490021 -0.0522226 
-0.0647871 0.104271 0.0390503 -0.0520119 
-0.0608873 0.112063 0.0287761 -0.0516232 
-0.0562598 0.119127 0.0182538 -0.0510342 
-0.0509548 0.125405 0.0075605 -0.0502261 
-0.0450261 0.130842 -0.00322508 -0.049184 
-0.0385307 0.135391 -0.0140228 -0.0478964 
-0.0315283 0.139011 -0.0247517 -0.0463552 
-0.0240815 0.141668 -0.0353307 -0.0445559 
-0.0162553 0.143333 -0.0456795 -0.0424973 
-0.00811672 0.143987 -0.0557184 -0.0401813 
0.000265324 0.143616 -0.0653698 -0.037613 
0.0088207 0.142215 -0.0745581 -0.0348002 
0.0174783 0.139786 -0.0832107 -0.0317539 
0.0261665 0.136339 -0.0912584 -0.0284875 
0.0348137 0.131892 -0.0986361 -0.0250171 
0.0433486 0.126471 -0.105283 -0.0213608 
0.0517008 0.120107 -0.111144 -0.0175393 
0.0598013 0.112842 -0.116167 -0.0135749 
0.067583 0.104722 -0.12031 -0.00949184 
0.0749809 0.0958021 -0.123534 -0.00531574 
0.0819328 0.0861422 -0.125807 -0.00107362 
0.0883799 0.0758089 -0.127104 0.00320645 
0.0942669 0.0648744 -0.127409 0.00749558 
0.0995425 0.0534158 -0.12671 0.0117643 
0.10416 0.041515 -0.125006 0.0159828 
0.108077 0.0292576 -0.1223 0.020121 
0.111257 0.0167327 -0.118605 0.0241494 
0.113669 0.0040321 -0.113942 0.0280384 
0.115286 -0.00875034 -0.108336 0.0317594 
0.116089 -0.0215194 -0.101823 0.0352844 
0.116064 -0.0341792 -0.0944447 0.0385868 
0.115203 -0.046634 -0.0862487 0.041641 
0.113506 -0.0587887 -0.0772903 0.0444233 
0.110977 -0.0705496 -0.0676305 0.0469114 
0.107628 -0.0818256 -0.0573362 0.0490853 
0.103476 -0.092528 -0.0464795 0.0509267 
0.0985461 -0.102572 -0.0351374 0.05242 
0.092868 -0.111877 -0.023391 0.0535516 
0.0864779 -0.120368 -0.0113252 0.0543109 
0.0794174 -0.127974 0.000972046 0.0546895 
0.0717338 -0.13463 0.0134104 0.0546821 
0.0634791 -0.140281 0.0258977 0.0542859 
0.0547106 -0.144874 0.0383406 0.0535013 
0.0454894 -0.148367 0.0506455 0.0523313 
0.0358808 -0.150726 0.0627191 0.0507818 
0.0259536 -0.151923 0.0744688 0.0488618 
0.0157794 -0.151941 0.085804 0.0465829 
0.00543233 -0.150769 0.0966364 0.0439594 
-0.00501156 -0.148406 0.106881 0.0410087 
-0.0154749 -0.144862 0.116455 0.0377502 
-0.0258795 -0.140153 0.125283 0.0342062 
-0.036147 -0.134305 0.133292 0.030401 
-0.0461995 -0.127354 0.140415 0.0263613 
-0.0559599 -0.119341 0.146592 0.0221155 
-0.0653528 -0.110319 0.151769 0.0176941 
-0.0743048 -0.100348 0.155899 0.0131287 
-0.0827455 -0.0894939 0.158943 0.00845264 
-0.0906074 -0.0778321 0.160869 0.00370011 
-0.0978271 -0.0654433 0.161654 -0.00109378 
-0.104345 -0.0524145 0.161283 -0.00589335 
-0.110108 -0.0388384 0.15975 -0.0106626 
-0.115065 -0.0248124 0.157056 -0.0153654 
-0.119173 -0.0104381 0.153212 -0.0199661 
-0.122395 0.00417946 0.148239 -0.0244291 
-0.1247 0.0189326 0.142164 -0.0287199 
-0.126063 0.0337118 0.135024 -0.032805 
-0.126465 0.0484065 0.126865 -0.0366519 
-0.125898 0.0629056 0.117739 -0.0402299 
-0.124356 0.0770989 0.107706 -0.0435101 
-0.121844 0.0908775 0.096836 -0.0464653 
-0.118373 0.104135 0.0852024 -0.0490709 
-0.113961 0.116767 0.0728867 -0.0513044 
-0.108634 0.128675 0.0599758 -0.0531462 
-0.102425 0.139763 0.0465618 -0.0545792 
-0.0953727 0.149941 0.0327413 -0.0555895 
-0.0875236 0.159126 0.0186147 -0.056166 
-0.0789301 0.167241 0.00428542 -0.0563009 
-0.0696509 0.174217 -0.0101406 -0.0559898 
-0.0597499 0.179992 -0.024556 -0.0552313 
-0.0492966 0.184513 -0.0388525 -0.0540276 
-0.0383649 0.187737 -0.052922 -0.0523841 
-0.0270329 0.189628 -0.0666572 -0.0503096 
-0.0153824 0.190162 -0.0799523 -0.0478162 
-0.0034984 0.189325 -0.0927041 -0.0449194 
0.008532 0.18711 -0.104813 -0.0416375 
0.0206197 0.183525 -0.116182 -0.0379921 
0.0326745 0.178585 -0.126721 -0.0340076 
0.0446056 0.172315 -0.136344 -0.0297112 
0.0563227 0.164753 -0.144971 -0.0251326 
0.0677362 0.155945 -0.15253 -0.020304 
0.0787579 0.145947 -0.158955 -0.0152594 
0.0893022 0.134824 -0.16419 -0.0100351 
0.0992861 0.122652 -0.168185 -0.00466869 
0.10863 0.109511 -0.170901 0.000800618 
0.117259 0.0954949 -0.172307 0.00633267 
0.125103 0.0806999 -0.172381 0.0118865 
0.132096 0.0652314 -0.171114 0.0174205 
0.13818 0.0491999 -0.168503 0.0228932 
0.143301 0.0327211 -0.164557 0.028263 
0.147413 0.0159151 -0.159295 0.0334887 
0.150477 -0.00109476 -0.152747 0.03853 
0.152462 -0.0181825 -0.144951 0.0433478 
0.153345 -0.0352205 -0.135955 0.0479039 
0.15311 -0.0520807 -0.125817 0.0521622 
0.151749 -0.0686351 -0.114605 0.0560884 
0.149264 -0.0847573 -0.102394 0.0596502 
0.145666 -0.100323 -0.0892668 0.0628183 
0.14097 -0.11521 -0.0753152 0.0655655 
0.135205 -0.129303 -0.0606371 0.0678679 
0.128405 -0.142488 -0.0453369 0.0697048 
0.120613 -0.154661 -0.0295242 0.0710585 
0.111878 -0.16572 -0.0133136 0.0719152 
0.10226 -0.175576 0.00317656 0.0722643 
0.0918223 -0.184143 0.0198248 0.0720992 
0.0806377 -0.191348 0.0365076 0.0714171 
0.0687839 -0.197125 0.0531 0.0702189 
0.0563444 -0.20142 0.0694769 0.0685095 
0.0434078 -0.204189 0.0855137 0.0662975 
0.0300671 -0.205399 0.101087 0.0635957 
0.0164192 -0.205028 0.116078 0.0604202 
0.00256402 -0.203066 0.130367 0.0567912 
-0.0113963 -0.199515 0.143843 0.0527322 
-0.0253578 -0.19439 0.156398 0.0482703 
-0.0392158 -0.187715 0.167931 0.0434357 
-0.0528655 -0.17953 0.178346 0.0382615 
-0.066203 -0.169882 0.187557 0.0327841 
-0.0791256 -0.158834 0.195485 0.0270419 
-0.0915332 -0.146455 0.202061 0.021076 
-0.103329 -0.132829 0.207223 0.0149293 
-0.114418 -0.118048 0.210923 0.00864646 
-0.124714 -0.102213 0.21312 0.00227349 
-0.134131 -0.0854354 0.213787 -0.00414251 
-0.142593 -0.0678324 0.212905 -0.0105538 
-0.150028 -0.0495298 0.21047 -0.0169122 
-0.156372 -0.0306594 0.206486 -0.0231696 
-0.161569 -0.011358 0.200972 -0.0292783 
-0.165571 0.00823297 0.193957 -0.0351913 
-0.168338 0.0279689 0.185481 -0.0408627 
-0.16984 0.047703 0.175596 -0.0462479 
-0.170055 0.0672871 0.164364 -0.0513044 
-0.168971 0.0865733 0.151861 -0.0559916 
-0.166587 0.105415 0.138168 -0.0602713 
-0.162909 0.123666 0.12338 -0.0641082 
-0.157954 0.141186 0.107597 -0.06747 
-0.151751 0.157837 0.090932 -0.0703277 
-0.144334 0.173487 0.0735013 -0.0726557 
-0.135751 0.188012 0.0554299 -0.0744325 
-0.126056 0.201292 0.0368482 -0.0756403 
-0.115313 0.21322 0.0178915 -0.0762654 
-0.103594 0.223693 -0.00130104 -0.0762985 
-0.0909797 0.232623 -0.0205874 -0.0757347 
-0.0775569 0.239929 -0.0398236 -0.0745733 
-0.0634201 0.245544 -0.058865 -0.0728183 
-0.0486696 0.249413 -0.0775673 -0.0704782 
-0.033411 0.251492 -0.0957874 -0.0675658 
-0.0177547 0.251752 -0.113385 -0.0640983 
-0.00181508 0.250175 -0.130223 -0.0600973 
0.0142907 0.246759 -0.146169 -0.0555886 
0.0304431 0.241516 -0.161096 -0.0506019 
0.0465215 0.234469 -0.174884 -0.0451708 
0.0624045 0.225657 -0.187421 -0.0393325 
0.0779716 0.215133 -0.198603 -0.0331275 
0.0931035 0.20296 -0.208335 -0.0265993 
0.107683 0.189218 -0.216532 -0.0197945 
0.121597 0.173997 -0.22312 -0.0127618 
0.134735 0.1574 -0.228038 -0.00555205 
0.146992 0.139538 -0.231235 0.00178198 
0.15827 0.120538 -0.232674 0.00918632 
0.168477 0.100531 -0.232328 0.016606 
0.177526 0.0796609 -0.230188 0.0239855 
0.185342 0.0580759 -0.226254 0.0312691 
0.191854 0.0359327 -0.220541 0.0384015 
0.197006 0.0133929 -0.213079 0.0453279 
0.200745 -0.00937778 -0.203909 0.0519948 
0.203034 -0.0322102 -0.193087 0.0583501 
0.203844 -0.0549338 -0.180679 0.0643436 
0.203156 -0.0773771 -0.166767 0.0699274 
0.200964 -0.0993697 -0.151444 0.0750565 
0.197273 -0.120743 -0.134811 0.0796886 
0.192097 -0.141332 -0.116985 0.0837852 
0.185464 -0.160975 -0.0980888 0.0873111 
0.177412 -0.179518 -0.0782556 0.0902355 
0.16799 -0.196813 -0.0576268 0.0925314 
0.157258 -0.212721 -0.0363508 0.0941767 
0.145285 -0.22711 -0.014582 0.0951539 
0.132152 -0.239861 0.00752033 0.0954502 
0.117948 -0.250865 0.0297931 0.0950581 
0.102771 -0.260026 0.0520706 0.0939748 
0.0867261 -0.267259 0.0741858 0.0922031 
0.0699277 -0.272497 0.0959715 0.0897507 
0.0524954 -0.275682 0.117262 0.0866305 
0.034555 -0.276775 0.137893 0.0828606 
0.0162369 -0.275751 0.157705 0.0784642 
-0.00232457 -0.272601 0.176542 0.073469 
-0.0209921 -0.267331 0.194257 0.0679079 
-0.0396265 -0.259964 0.210706 0.061818 
-0.0580877 -0.250538 0.225756 0.0552408 
-0.076236 -0.239108 0.239284 0.0482216 
-0.0939327 -0.225743 0.251175 0.0408096 
-0.111042 -0.210529 0.261327 0.0330572 
-0.127429 -0.193563 0.269651 0.0250199 
-0.142968 -0.17496 0.276069 0.0167556 
-0.157533 -0.154846 0.280518 0.00832459 
-0.171008 -0.13336 0.282948 -0.000211338 
-0.183284 -0.110651 0.283326 -0.00878897 
-0.194258 -0.0868812 0.281632 -0.0173443 
-0.203838 -0.0622195 0.277862 -0.025813 
-0.211941 -0.0368439 0.272028 -0.0341308 
-0.218494 -0.0109389 0.264157 -0.0422342 
-0.223436 0.0153054 0.254292 -0.0500607 
-0.226716 0.0416948 0.242491 -0.0575494 
-0.228298 0.0680327 0.228827 -0.0646413 
-0.228155 0.094121 0.213387 -0.0712801 
-0.226274 0.119762 0.196273 -0.0774125 
-0.222657 0.14476 0.177601 -0.0829883 
-0.217315 0.168922 0.157497 -0.0879613 
-0.210276 0.192061 0.136101 -0.0922894 
-0.201579 0.213994 0.113563 -0.095935 
-0.191275 0.234548 0.0900427 -0.0988652 
-0.179429 0.253557 0.0657092 -0.101052 
-0.166118 0.270867 0.0407382 -0.102474 
-0.15143 0.286333 0.0153119 -0.103114 
-0.135463 0.299826 -0.0103827 -0.10296 
-0.118327 0.311228 -0.0361549 -0.102008 
-0.100142 0.320437 -0.0618122 -0.100258 
-0.0810353 0.327367 -0.0871611 -0.0977174 
-0.061143 0.331946 -0.112009 -0.0943985 
-0.040608 0.334123 -0.136166 -0.0903201 
-0.0195792 0.333861 -0.159445 -0.0855066 
0.0017897 0.331143 -0.181664 -0.0799883 
0.0233411 0.32597 -0.202648 -0.073801 
0.0449149 0.31836 -0.22223 -0.0669856 
0.0663494 0.308352 -0.240253 -0.0595884 
0.0874828 0.296002 -0.256567 -0.05166 
0.108154 0.281382 -0.271038 -0.0432558 
0.128205 0.264585 -0.283542 -0.0344349 
0.147479 0.24572 -0.29397 -0.0252602 
0.165827 0.22491 -0.302226 -0.0157976 
0.183102 0.202298 -0.308231 -0.00611589 
0.199168 0.178037 -0.311923 0.00371418 
0.213893 0.152296 -0.313254 0.01362 
0.227157 0.125258 -0.312197 0.023528 
0.238848 0.097114 -0.30874 0.0333637 
0.248867 0.0680664 -0.30289 0.0430529 
0.257124 0.0383259 -0.294672 0.0525218 
0.263544 0.00811 -0.284127 0.0616974 
0.268063 -0.0223584 -0.271318 0.0705088 
0.270633 -0.0528529 -0.25632 0.0788868 
0.271219 -0.0831449 -0.239231 0.0867651 
0.269801 -0.113006 -0.220161 0.0940808 
0.266373 -0.142208 -0.199236 0.100774 
0.260944 -0.170527 -0.176601 0.106791 
0.25354 -0.197744 -0.152409 0.112079 
0.2442 -0.223645 -0.126831 0.116595 
0.232979 -0.248027 -0.100047 0.120296 
0.219946 -0.270693 -0.0722488 0.123151 
0.205184 -0.29146 -0.0436361 0.125129 
0.18879 -0.310157 -0.0144171 0.12621 
0.170874 -0.326628 0.0151937 0.126378 
0.151558 -0.340731 0.0449774 0.125624 
0.130976 -0.352342 0.0747121 0.123948 
0.109272 -0.361352 0.104174 0.121353 
0.0865999 -0.367675 0.133141 0.117852 
0.0631218 -0.37124 0.161391 0.113465 
0.0390074 -0.372 0.188706 0.108216 
0.0144325 -0.369926 0.214875 0.102139 
-0.0104222 -0.365011 0.239691 0.0952717 
-0.0353726 -0.357269 0.262958 0.0876603 
-0.0602323 -0.346735 0.284489 0.0793555 
-0.0848142 -0.333467 0.304109 0.0704142 
-0.108932 -0.317541 0.321655 0.0608982 
-0.1324 -0.299057 0.336979 0.0508743 
-0.155038 -0.278132 0.349948 0.0404137 
-0.176669 -0.254903 0.360446 0.0295913 
-0.197124 -0.229527 0.368375 0.0184854 
-0.216238 -0.202176 0.373655 0.00717695 
-0.233859 -0.17304 0.376224 -0.00425075 
-0.249842 -0.142324 0.376042 -0.015713 
-0.264054 -0.110244 0.373089 -0.0271241 
-0.276374 -0.0770305 0.367363 -0.038398 
-0.286695 -0.0429238 0.358887 -0.0494492 
-0.294923 -0.00817222 0.347701 -0.0601929 
-0.30098 0.0269686 0.333868 -0.0705461 
-0.304803 0.0622383 0.31747 -0.080428 
-0.306346 0.0973734 0.29861 -0.0897608 
-0.305579 0.132109 0.27741 -0.09847 
-0.302488 0.166182 0.254009 -0.106485 
-0.29708 0.199331 0.228566 -0.113741 
-0.289374 0.231301 0.201255 -0.120177 
-0.279412 0.261841 0.172267 -0.125738 
-0.26725 0.290712 0.141804 -0.130376 
-0.252961 0.317683 0.110085 -0.134047 
-0.236635 0.342538 0.0773355 -0.136718 
-0.218379 0.365072 0.0437944 -0.13836 
-0.198314 0.385099 0.00970649 -0.138952 
-0.176577 0.402448 -0.0246769 -0.138482 
-0.153316 0.416967 -0.0591003 -0.136944 
-0.128694 0.428525 -0.0933059 -0.134342 
-0.102885 0.437011 -0.127035 -0.130687 
-0.0760724 0.442338 -0.160032 -0.125997 
-0.0484501 0.44444 -0.192042 -0.1203 
-0.0202185 0.443275 -0.222818 -0.11363 
0.0084156 0.438827 -0.252119 -0.106029 
0.0372407 0.431102 -0.279713 -0.0975474 
0.066042 0.420131 -0.305381 -0.0882412 
0.0946035 0.405972 -0.328913 -0.0781738 
0.122709 0.388705 -0.350117 -0.0674146 
0.150144 0.368435 -0.368815 -0.0560387 
0.176697 0.345289 -0.384846 -0.0441264 
0.202163 0.319418 -0.398069 -0.0317629 
0.226341 0.290994 -0.408362 -0.0190373 
0.24904 0.260211 -0.415625 -0.00604215 
0.270077 0.22728 -0.419779 0.00712732 
0.289283 0.192431 -0.420767 0.0203737 
0.306497 0.15591 -0.418558 0.0335982 
0.321576 0.117977 -0.413142 0.0467016 
0.334388 0.0789059 -0.404534 0.0595845 
0.34482 0.0389805 -0.392773 0.0721486 
0.352774 -0.00150655 -0.377923 0.0842971 
0.358171 -0.0422562 -0.360069 0.0959355 
0.36095 -0.082965 -0.339322 0.106973 
0.361069 -0.123327 -0.315813 0.117321 
0.358506 -0.163037 -0.289699 0.126897 
0.353258 -0.201792 -0.261152 0.135622 
0.345344 -0.239294 -0.230369 0.143426 
0.334802 -0.275251 -0.197561 0.150241 
0.32169 -0.309381 -0.16296 0.156009 
0.306085 -0.341414 -0.126809 0.160678 
0.288084 -0.371093 -0.0893679 0.164204 
0.267804 -0.398175 -0.0509071 0.166552 
0.245378 -0.422439 -0.0117069 0.167695 
0.220957 -0.443678 0.0279448 0.167614 
0.194709 -0.461709 0.0677541 0.1663 
0.166815 -0.476372 0.107424 0.163753 
0.137472 -0.487529 0.146655 0.159983 
0.106889 -0.495069 0.18515 0.155008 
0.0752836 -0.498906 0.222615 0.148856 
0.0428862 -0.498982 0.258759 0.141563 
0.00993294 -0.495267 0.293302 0.133175 
-0.0233334 -0.487757 0.325972 0.123745 
-0.056666 -0.476479 0.356508 0.113338 
-0.0898151 -0.461487 0.384665 0.102022 
-0.122531 -0.442864 0.410212 0.0898755 
-0.154564 -0.420721 0.432937 0.0769827 
-0.18567 -0.395195 0.452646 0.0634344 
-0.215607 -0.366451 0.469169 0.0493269 
-0.244141 -0.334679 0.482355 0.0347617 
-0.271048 -0.300092 0.492078 0.0198442 
-0.296112 -0.262928 0.498239 0.00468348 
-0.31913 -0.223444 0.500762 -0.0106086 
-0.339914 -0.181919 0.4996 -0.0259185 
-0.358291 -0.138648 0.494732 -0.0411314 
-0.374102 -0.09394 0.486164 -0.0561326 
-0.387208 -0.0481201 0.473931 -0.0708077 
-0.397491 -0.00152271 0.458096 -0.0850443 
-0.404849 0.0455088 0.438748 -0.0987319 
-0.409206 0.0926253 0.416006 -0.111763 
-0.410502 0.139474 0.390011 -0.124036 
-0.408706 0.185702 0.360933 -0.135452 
-0.403805 0.230956 0.328965 -0.145918 
-0.395811 0.27489 0.294325 -0.155348 
-0.38476 0.317165 0.25725 -0.163664 
-0.370709 0.357448 0.217999 -0.170793 
-0.353741 0.395423 0.176849 -0.176674 
-0.333959 0.430787 0.134093 -0.181252 
-0.311489 0.463252 0.0900399 -0.184482 
-0.286478 0.492552 0.0450089 -0.186329 
-0.259093 0.518443 -0.000669995 -0.186769 
-0.229521 0.540703 -0.0466593 -0.185786 
-0.197966 0.559135 -0.0926165 -0.183377 
-0.164649 0.573571 -0.138197 -0.179548 
-0.129806 0.583871 -0.183055 -0.174318 
-0.0936851 0.589925 -0.22685 -0.167713 
-0.0565478 0.591652 -0.269243 -0.159772 
-0.0186642 0.589006 -0.309906 -0.150544 
0.0196874 0.581971 -0.34852 -0.140089 
0.0582231 0.570565 -0.38478 -0.128474 
0.0966555 0.554839 -0.418393 -0.115778 
0.134695 0.534875 -0.449088 -0.102087 
0.172054 0.51079 -0.476609 -0.0874955 
0.208447 0.482732 -0.500727 -0.0721063 
0.243592 0.450879 -0.521232 -0.0560281 
0.277217 0.415439 -0.537941 -0.0393762 
0.309056 0.37665 -0.5507 -0.0222706 
0.338857 0.334775 -0.559381 -0.00483623 
0.36638 0.290105 -0.563886 0.0127989 
0.391401 0.242952 -0.564147 0.0305042 
0.413711 0.193649 -0.56013 0.0481473 
0.433122 0.14255 -0.551829 0.0655954 
0.449464 0.0900228 -0.539274 0.0827161 
0.462592 0.0364501 -0.522523 0.0993785 
0.47238 -0.0177746 -0.50167 0.115454 
0.478728 -0.0722498 -0.476837 0.130817 
0.481562 -0.126569 -0.448179 0.145347 
0.480832 -0.180323 -0.41588 0.158928 
0.476514 -0.233105 -0.380154 0.17145 
0.468614 -0.284511 -0.341242 0.182812 
0.45716 -0.334145 -0.299408 0.192919 
0.442211 -0.381619 -0.254944 0.201684 
0.423851 -0.426561 -0.208163 0.209033 
0.40219 -0.468613 -0.159396 0.214897 
0.377365 -0.507437 -0.108993 0.219221 
0.349535 -0.542716 -0.0573199 0.221961 
0.318887 -0.574157 -0.00475332 0.223083 
0.285626 -0.601493 0.0483194 0.222566 
0.249983 -0.624487 0.101504 0.220401 
0.212204 -0.642931 0.154403 0.21659 
0.172557 -0.65665 0.206618 0.211149 
0.131323 -0.665505 0.25775 0.204106 
0.0887993 -0.669389 0.307408 0.195501 
0.0452946 -0.668233 0.355208 0.185386 
0.00112706 -0.662007 0.400777 0.173825 
-0.0433772 -0.650716 0.443754 0.160892 
-0.0878873 -0.634404 0.483797 0.146674 
-0.132069 -0.613153 0.520581 0.131268 
-0.175589 -0.587084 0.553806 0.114779 
-0.218115 -0.556353 0.583192 0.0973215 
-0.259321 -0.521154 0.60849 0.0790199 
-0.298886 -0.481715 0.629477 0.0600042 
-0.336501 -0.438297 0.64596 0.0404114 
-0.371868 -0.391194 0.657781 0.0203837 
-0.404704 -0.340731 0.664813 6.79094e-05 
-0.434743 -0.287258 0.666965 -0.0203859 
-0.461736 -0.231154 0.664182 -0.0408254 
-0.485457 -0.172817 0.656445 -0.0610973 
-0.505703 -0.112667 0.643773 -0.0810481 
-0.522292 -0.0511403 0.626222 -0.100526 
-0.535072 0.0113116 0.603883 -0.11938 
-0.543916 0.0742284 0.576886 -0.137465 
-0.548726 0.137142 0.545397 -0.154639 
-0.549434 0.19958 0.509616 -0.170765 
-0.546003 0.261071 0.469776 -0.185714 
-0.538424 0.321145 0.426144 -0.199366 
-0.526721 0.379342 0.379017 -0.211606 
-0.510949 0.435209 0.32872 -0.222332 
-0.491193 0.488309 0.275606 -0.231451 
-0.467571 0.538222 0.220049 -0.238883 
-0.440228 0.584547 0.162448 -0.244557 
-0.40934 0.626908 0.103218 -0.248418 
-0.375109 0.664957 0.0427893 -0.250421 
-0.337766 0.698373 -0.0183934 -0.250537 
-0.297566 0.726869 -0.0798777 -0.24875 
-0.254788 0.750191 -0.141205 -0.245058 
-0.209732 0.768123 -0.201913 -0.239474 
-0.162717 0.780487 -0.261543 -0.232024 
-0.114081 0.787147 -0.319639 -0.222749 
-0.0641751 0.788007 -0.375752 -0.211704 
-0.0133636 0.783013 -0.429445 -0.198958 
0.0379795 0.772157 -0.480298 -0.184593 
0.0894736 0.755473 -0.527905 -0.168704 
0.140734 0.733039 -0.571883 -0.151397 
0.191373 0.704978 -0.611874 -0.132792 
0.241008 0.671455 -0.647546 -0.113016 
0.289256 0.632678 -0.678597 -0.0922098 
0.335747 0.588896 -0.704757 -0.0705206 
0.380116 0.540397 -0.725791 -0.0481038 
0.422015 0.487507 -0.741499 -0.025122 
0.461108 0.430587 -0.751721 -0.00174292 
0.497081 0.370033 -0.756338 0.0218613 
0.529638 0.306269 -0.755269 0.0455154 
0.558509 0.239748 -0.748477 0.0690423 
0.583447 0.170946 -0.735967 0.0922646 
0.604234 0.100362 -0.717787 0.115006 
0.62068 0.0285111 -0.694028 0.137091 
0.632627 -0.0440789 -0.664824 0.15835 
0.639951 -0.116869 -0.63035 0.178617 
0.642558 -0.189315 -0.590823 0.197731 
0.640392 -0.26087 -0.546498 0.21554 
0.633431 -0.330992 -0.497671 0.231899 
0.621688 -0.399142 -0.444669 0.246676 
0.605214 -0.464794 -0.387859 0.259746 
0.584094 -0.527435 -0.327636 0.270997 
0.558449 -0.586571 -0.264423 0.28033 
0.528436 -0.641731 -0.198672 0.287661 
0.494244 -0.692469 -0.130854 0.292918 
0.456097 -0.73837 -0.0614626 0.296045 
0.414249 -0.77905 0.00899503 0.297002 
0.368984 -0.814163 0.0799988 0.295764 
0.320615 -0.843401 0.151021 0.292323 
0.269479 -0.866497 0.221528 0.286687 
0.215939 -0.883228 0.290988 0.27888 
0.160375 -0.89342 0.358871 0.268945 
0.103189 -0.896942 0.424656 0.256938 
0.0447964 -0.893716 0.487832 0.242933 
-0.0143742 -0.883711 0.547905 0.227019 
-0.0738853 -0.866948 0.604399 0.2093 
-0.133293 -0.843499 0.656862 0.189894 
-0.192152 -0.813486 0.704868 0.168934 
-0.250015 -0.777081 0.748022 0.146564 
-0.306442 -0.734508 0.785961 0.122942 
-0.360996 -0.686035 0.818359 0.0982326 
-0.413254 -0.631978 0.844928 0.0726143 
-0.462806 -0.5727 0.865422 0.0462714 
-0.509258 -0.508602 0.879641 0.0193957 
-0.552238 -0.440127 0.887425 -0.00781544 
-0.591394 -0.367753 0.888666 -0.0351607 
-0.626403 -0.291992 0.883302 -0.0624359 
-0.65697 -0.213385 0.87132 -0.0894361 
-0.682828 -0.132499 0.852758 -0.115957 
-0.703748 -0.0499216 0.827701 -0.141795 
-0.719531 0.0337406 0.796287 -0.166751 
-0.730019 0.117869 0.758698 -0.190631 
-0.735091 0.201836 0.715169 -0.213247 
-0.734666 0.285012 0.665978 -0.23442 
-0.728702 0.366765 0.611448 -0.25398 
-0.7172 0.446472 0.551947 -0.271766 
-0.700202 0.523517 0.487879 -0.287631 
-0.677792 0.597303 0.41969 -0.30144 
-0.650093 0.667249 0.347858 -0.313075 
-0.617273 0.7328 0.272893 -0.322429 
-0.579535 0.79343 0.19533 -0.329415 
-0.537124 0.848644 0.115733 -0.333961 
-0.490321 0.897985 0.0346804 -0.336014 
-0.43944 0.941036 -0.0472305 -0.335538 
-0.384832 0.977423 -0.129392 -0.332517 
-0.326875 1.00682 -0.211191 -0.326953 
-0.265978 1.02895 -0.292011 -0.318867 
-0.202575 1.04359 -0.371236 -0.3083 
-0.13712 1.05058 -0.448262 -0.295312 
-0.0700872 1.04978 -0.522491 -0.279979 
-0.00196799 1.04116 -0.593346 -0.262399 
0.0667359 1.02471 -0.660267 -0.242685 
0.135514 1.0005 -0.722722 -0.220969 
0.203851 0.968635 -0.780206 -0.197396 
0.271231 0.929302 -0.832248 -0.17213 
0.33714 0.882735 -0.878415 -0.145345 
0.401073 0.829224 -0.918313 -0.117231 
0.462535 0.769117 -0.951593 -0.0879876 
0.521044 0.70281 -0.977952 -0.0578256 
0.576139 0.630751 -0.997138 -0.0269635 
0.627378 0.553435 -1.00895 0.00437263 
0.674347 0.4714 -1.01324 0.0359517 
0.716659 0.385224 -1.00991 0.0675387 
0.75396 0.295518 -0.99893 0.0988969 
0.785929 0.202929 -0.980322 0.129789 
0.812285 0.108127 -0.954163 0.15998 
0.832784 0.0118056 -0.920588 0.189238 
0.847226 -0.0853249 -0.879791 0.217336 
0.855455 -0.182543 -0.832018 0.244053 
0.857359 -0.279119 -0.777573 0.269179 
0.852873 -0.374324 -0.716811 0.292511 
0.841979 -0.467434 -0.650136 0.313862 
0.824708 -0.557733 -0.578003 0.333054 
0.801139 -0.644521 -0.500907 0.349927 
0.771398 -0.72712 -0.419387 0.364336 
0.735658 -0.804876 -0.33402 0.376152 
0.69414 -0.877167 -0.245415 0.385267 
0.647108 -0.943408 -0.15421 0.39159 
0.594873 -1.00305 -0.0610694 0.395052 
0.537782 -1.0556 0.0333246 0.395604 
0.476227 -1.10061 0.128274 0.393218 
0.410633 -1.13767 0.22307 0.387889 
0.341459 -1.16644 0.317003 0.379633 
0.269195 -1.18664 0.409359 0.368488 
0.19436 -1.19806 0.499433 0.354516 
0.117493 -1.20053 0.586533 0.337798 
0.0391552 -1.19397 0.66998 0.318438 
-0.0400781 -1.17835 0.74912 0.29656 
-0.11962 -1.15372 0.823325 0.272308 
-0.198875 -1.12019 0.891998 0.245844 
-0.277249 -1.07793 0.954581 0.21735 
-0.354144 -1.02721 1.01056 0.187023 
-0.428974 -0.968326 1.05945 0.155075 
-0.501161 -0.901659 1.10084 0.121734 
-0.570141 -0.827646 1.13435 0.0872377 
-0.635371 -0.746783 1.15967 0.0518364 
-0.696334 -0.659623 1.17655 0.0157882 
-0.752536 -0.566768 1.18479 -0.0206419 
-0.80352 -0.468869 1.18426 -0.0571835 
-0.848859 -0.366621 1.17489 -0.0935636 
-0.88817 -0.260755 1.15669 -0.129508 
-0.921109 -0.152037 1.12971 -0.164744 
-0.947379 -0.0412587 1.0941 -0.199001 
-0.966728 0.0707654 1.05005 -0.232014 
-0.978956 0.183205 0.997817 -0.263527 
-0.983915 0.29522 0.937734 -0.29329 
-0.98151 0.405967 0.870188 -0.321067 
-0.971699 0.514605 0.795624 -0.346632 
-0.954496 0.620303 0.714547 -0.369778 
-0.929973 0.722244 0.627512 -0.39031 
-0.898253 0.819634 0.535125 -0.408055 
-0.859518 0.911705 0.438035 -0.422856 
-0.814001 0.997726 0.336933 -0.434579 
-0.76199 1.077 0.232546 -0.443111 
-0.703824 1.14888 0.125629 -0.448363 
-0.639888 1.21277 0.0169642 -0.45027 
-0.570616 1.26813 -0.0926468 -0.44879 
-0.496486 1.31447 -0.20239 -0.443907 
-0.418014 1.35137 -0.311443 -0.43563 
-0.335754 1.37848 -0.418983 -0.423996 
-0.250293 1.39552 -0.52419 -0.409063 
-0.162247 1.40228 -0.626258 -0.390918 
-0.0722534 1.39862 -0.724395 -0.36967 
0.0190265 1.3845 -0.817835 -0.345455 
0.110919 1.35993 -0.905838 -0.318431 
0.20274 1.32501 -0.987702 -0.288777 
0.2938 1.27993 -1.06276 -0.256695 
0.383409 1.22493 -1.1304 -0.222406 
0.470885 1.16036 -1.19006 -0.18615 
0.555555 1.08662 -1.24121 -0.148183 
0.63676 1.00419 -1.28342 -0.108776 
0.713863 0.913625 -1.31629 -0.068212 
0.786255 0.815528 -1.33949 -0.0267874 
0.853354 0.71058 -1.35279 0.0151945 
0.914615 0.599513 -1.356 0.0574233 
0.969531 0.483111 -1.34901 0.0995843 
1.01764 0.362205 -1.3318 0.141361 
1.05853 0.237664 -1.30442 0.182436 
1.09183 0.110395 -1.26698 0.222497 
1.11723 -0.0186698 -1.21969 0.261234 
1.13448 -0.148577 -1.16282 0.298347 
1.14339 -0.27836 -1.09673 0.333545 
1.14381 -0.407043 -1.02184 0.366547 
1.13569 -0.533653 -0.938627 0.397089 
1.11901 -0.657223 -0.847663 0.424923 
1.09382 -0.776803 -0.749563 0.449817 
1.06026 -0.891463 -0.645007 0.471562 
1.0185 -1.0003 -0.534727 0.489969 
0.968799 -1.10246 -0.419504 0.504873 
0.911455 -1.19712 -0.300163 0.516136 
0.846841 -1.28351 -0.177566 0.523642 
0.775383 -1.36091 -0.0526065 0.527306 
0.697564 -1.42868 0.0737972 0.527069 
0.613916 -1.48622 0.200709 0.522903 
0.525019 -1.53303 0.32718 0.514806 
0.431498 -1.56866 0.452259 0.502809 
0.334017 -1.59276 0.574997 0.48697 
0.233277 -1.60506 0.694455 0.467376 
0.130006 -1.60537 0.809709 0.444146 
0.0249594 -1.59359 0.919863 0.417424 
-0.0810901 -1.56972 1.02405 0.387382 
-0.187355 -1.53383 1.12144 0.354219 
-0.29304 -1.4861 1.21125 0.31816 
-0.397347 -1.42679 1.29274 0.279451 
-0.499484 -1.35626 1.36524 0.238361 
-0.598666 -1.27495 1.42812 0.19518 
-0.694128 -1.18336 1.48086 0.150214 
-0.785122 -1.08213 1.52295 0.103788 
-0.87093 -0.971912 1.55401 0.0562361 
-0.950868 -0.853477 1.57372 0.00790737 
-1.02429 -0.727643 1.58183 -0.0408423 
-1.09059 -0.595295 1.57819 -0.0896507 
-1.14922 -0.457373 1.56273 -0.138152 
-1.19967 -0.314868 1.53548 -0.18598 
-1.2415 -0.168812 1.49655 -0.232772 
-1.27433 -0.0202704 1.44613 -0.278166 
-1.29785 0.129661 1.38451 -0.321813 
-1.31179 0.27987 1.31207 -0.36337 
-1.31598 0.429231 1.22925 -0.402509 
-1.3103 0.576618 1.1366 -0.438918 
-1.29473 0.720909 1.03474 -0.472301 
-1.2693 0.860998 0.924354 -0.502384 
-1.23413 0.9958 0.8062 -0.528914 
-1.18938 1.12426 0.681104 -0.551665 
-1.13534 1.24537 0.549949 -0.570436 
-1.07232 1.35816 0.41367 -0.585053 
-1.00074 1.46171 0.273249 -0.595374 
-0.921046 1.55518 0.129705 -0.601288 
-0.833784 1.63778 -0.0159105 -0.602714 
-0.739546 1.70881 -0.162521 -0.599607 
-0.638983 1.76764 -0.309036 -0.591952 
-0.532798 1.81373 -0.454355 -0.579772 
-0.421742 1.84664 -0.59738 -0.563121 
-0.30661 1.86602 -0.737017 -0.542088 
-0.188232 1.8716 -0.872195 -0.516796 
-0.06747 1.86324 -1.00186 -0.487401 
0.0547887 1.84089 -1.125 -0.454091 
0.17764 1.80461 -1.24064 -0.417083 
0.300166 1.75455 -1.34785 -0.376626 
0.421446 1.69098 -1.44576 -0.332996 
0.540561 1.61427 -1.53355 -0.286494 
0.6566 1.52489 -1.6105 -0.237446 
0.768667 1.42341 -1.67594 -0.1862 
0.875891 1.31049 -1.72928 -0.133123 
0.977428 1.18688 -1.77002 -0.0785978 
1.07247 1.05344 -1.79777 -0.0230218 
1.16026 0.91108 -1.81221 0.0331965 
1.24007 0.760797 -1.81312 0.0896405 
1.31124 0.603655 -1.80038 0.145889 
1.37318 0.44078 -1.774 0.201518 
1.42533 0.273345 -1.73405 0.256106 
1.46724 0.102571 -1.68072 0.309234 
1.49851 -0.0702889 -1.61431 0.360494 
1.51881 -0.243954 -1.53521 0.409485 
1.5279 -0.417129 -1.44392 0.455821 
1.52564 -0.588511 -1.34101 0.499135 
1.51194 -0.756801 -1.22718 0.539076 
1.48681 -0.92071 -1.10318 0.57532 
1.45036 -1.07898 -0.969861 0.607563 
1.40277 -1.23037 -0.828155 0.635532 
1.34429 -1.37369 -0.679054 0.658984 
1.2753 -1.5078 -0.523617 0.677706 
1.19621 -1.63164 -0.36296 0.691519 
1.10754 -1.74417 -0.198245 0.700282 
1.00988 -1.84447 -0.030676 0.703888 
0.903891 -1.9317 0.138514 0.702269 
0.7903 -2.00508 0.308068 0.695395 
0.669897 -2.06396 0.476719 0.683275 
0.543532 -2.10778 0.643193 0.665959 
0.412105 -2.1361 0.806225 0.643534 
0.27656 -2.14857 0.964565 0.616129 
0.137882 -2.14497 1.11699 0.583908 
-0.0029147 -2.12521 1.2623 0.547075 
-0.144791 -2.08931 1.39936 0.50587 
-0.286691 -2.03739 1.52707 0.460566 
-0.427552 -1.96973 1.6444 0.41147 
-0.566307 -1.88671 1.75039 0.35892 
-0.701901 -1.78882 1.84414 0.303284 
-0.833289 -1.67668 1.92486 0.244952 
-0.959455 -1.55102 1.99185 0.184342 
-1.07941 -1.41267 2.04448 0.121889 
-1.1922 -1.26257 2.08225 0.0580471 
-1.29693 -1.10175 2.10475 -0.00671564 
-1.39274 -0.931334 2.1117 -0.0719211 
-1.47885 -0.752516 2.10291 -0.137084 
-1.55454 -0.566574 2.07833 -0.201715 
-1.61914 -0.374844 2.03802 -0.265325 
-1.67209 -0.17872 1.98216 -0.327429 
-1.7129 0.0203641 1.91102 -0.387549 
-1.74117 0.220938 1.82504 -0.445218 
-1.75658 0.421509 1.72473 -0.499985 
-1.75891 0.620574 1.61073 -0.551415 
-1.74804 0.816627 1.48379 -0.599095 
-1.72395 1.00817 1.34476 -0.642639 
-1.68672 1.19374 1.19458 -0.681687 
-1.63651 1.37189 1.03429 -0.715909 
-1.5736 1.54123 0.865005 -0.745011 
-1.49836 1.70041 0.687931 -0.768733 
-1.41125 1.84816 0.504331 -0.786854 
-1.31284 1.98328 0.31553 -0.799194 
-1.20377 2.10466 0.122903 -0.805613 
-1.08478 2.21127 -0.072138 -0.806017 
-0.956667 2.3022 -0.268148 -0.800354 
-0.820334 2.37665 -0.463665 -0.788618 
-0.676732 2.43391 -0.657218 -0.770849 
-0.526882 2.47343 -0.847341 -0.74713 
-0.371855 2.49476 -1.03258 -0.717594 
-0.212775 2.49761 -1.21151 -0.682415 
-0.0508014 2.48179 -1.38273 -0.64181 
0.112874 2.44729 -1.5449 -0.596043 
0.277037 2.3942 -1.69673 -0.545414 
0.440461 2.32278 -1.837 -0.490264 
0.601914 2.23342 -1.96457 -0.430971 
0.760169 2.12665 -2.07837 -0.367947 
0.914014 2.00312 -2.17744 -0.301634 
1.06226 1.86363 -2.26093 -0.232503 
1.20375 1.70909 -2.32807 -0.16105 
1.33737 1.54055 -2.37825 -0.0877927 
1.46205 1.35916 -2.41094 -0.0132659 
1.57679 1.16618 -2.42575 0.0619816 
1.68064 0.96295 -2.42245 0.137391 
1.77275 0.750926 -2.40089 0.212399 
1.85233 0.531623 -2.36111 0.286438 
1.91867 0.30663 -2.30326 0.358947 
1.97118 0.077586 -2.22761 0.429368 
2.00935 -0.153822 -2.1346 0.497158 
2.03277 -0.385877 -2.02479 0.561786 
2.04117 -0.616845 -1.89887 0.622743 
2.03435 -0.844984 -1.75764 0.679542 
2.01224 -1.06856 -1.60206 0.731724 
1.97489 -1.28586 -1.43316 0.77886 
1.92246 -1.49521 -1.25211 0.820557 
1.85521 -1.69496 -1.06018 0.856459 
1.77353 -1.88356 -0.858707 0.886249 
1.67792 -2.05948 -0.649133 0.909656 
1.56899 -2.22132 -0.432964 0.926452 
1.44745 -2.36774 -0.211768 0.936459 
1.3141 -2.49752 0.0128363 0.939548 
1.16985 -2.60956 0.239191 0.935641 
1.01571 -2.70288 0.465612 0.924709 
0.852732 -2.77662 0.690402 0.90678 
0.682083 -2.83007 0.911863 0.881931 
0.504979 -2.86268 1.12831 0.850295 
0.322696 -2.87403 1.33807 0.812053 
0.136559 -2.86386 1.53953 0.767439 
-0.0520668 -2.83209 1.7311 0.716738 
-0.241786 -2.77876 1.91127 0.660281 
-0.431184 -2.70413 2.07859 0.598445 
-0.618838 -2.60856 2.23172 0.531651 
-0.803328 -2.49261 2.36938 0.46036 
