0.0855923 -0.0959221 0.103828 -0.093473 
0.071961 -0.0914184 0.10724 -0.087648 
0.0590841 -0.0865087 0.110222 -0.0824702 
0.0469422 -0.0812144 0.112763 -0.077888 
0.0355179 -0.0755583 0.114852 -0.0738523 
0.0247956 -0.069565 0.116481 -0.0703167 
0.0147612 -0.0632602 0.117646 -0.0672371 
0.00540191 -0.0566712 0.11834 -0.0645717 
-0.00329414 -0.049826 0.118562 -0.0622809 
-0.011338 -0.042754 0.118313 -0.0603272 
-0.0187401 -0.0354853 0.117593 -0.0586749 
-0.0255106 -0.0280511 0.116406 -0.0572903 
-0.0316593 -0.0204828 0.114759 -0.0561414 
-0.037196 -0.0128125 0.112659 -0.0551979 
-0.0421307 -0.00507287 0.110116 -0.0544312 
-0.0464735 0.00270345 0.107141 -0.0538144 
-0.050235 0.0104836 0.103747 -0.0533218 
-0.053426 0.0182348 0.0999494 -0.0529296 
-0.0560582 0.0259243 0.0957649 -0.0526152 
-0.0581436 0.03352 0.0912118 -0.0523574 
-0.0596951 0.0409898 0.0863099 -0.0521366 
-0.0607263 0.0483026 0.0810803 -0.0519344 
-0.0612516 0.0554277 0.0755457 -0.0517336 
-0.0612863 0.0623355 0.0697298 -0.0515185 
-0.0608464 0.0689972 0.0636578 -0.0512746 
-0.059949 0.0753851 0.0573555 -0.0509887 
-0.0586119 0.0814727 0.05085 -0.0506486 
-0.0568539 0.0872348 0.0441691 -0.0502435 
-0.0546945 0.0926478 0.0373411 -0.0497637 
-0.0521543 0.0976893 0.0303951 -0.0492007 
-0.0492545 0.102339 0.0233605 -0.0485471 
-0.0460171 0.106577 0.0162673 -0.0477965 
-0.0424649 0.110388 0.00914532 -0.0469437 
-0.0386214 0.113754 0.00202469 -0.0459845 
-0.0345107 0.116664 -0.00506457 -0.0449158 
-0.0301573 0.119105 -0.0120926 -0.0437353 
-0.0255864 0.121068 -0.01903 -0.0424419 
-0.0208237 0.122546 -0.0258475 -0.0410352 
-0.0158949 0.123532 -0.0325166 -0.0395159 
-0.0108263 0.124025 -0.0390096 -0.0378854 
-0.00564415 0.124021 -0.0452992 -0.036146 
-0.000374988 0.123524 -0.0513593 -0.0343009 
0.00495476 0.122534 -0.0571648 -0.0323539 
0.0103187 0.121057 -0.0626916 -0.0303095 
0.0156907 0.119101 -0.0679168 -0.028173 
0.0210447 0.116674 -0.072819 -0.0259502 
0.0263551 0.113787 -0.0773779 -0.0236477 
0.0315968 0.110453 -0.0815751 -0.0212724 
0.0367453 0.106688 -0.0853932 -0.0188318 
0.0417764 0.102507 -0.088817 -0.0163339 
0.0466668 0.0979287 -0.0918325 -0.0137869 
0.0513942 0.0929735 -0.0944278 -0.0111997 
0.0559369 0.0876626 -0.0965927 -0.00858122 
0.0602741 0.082019 -0.0983186 -0.00594072 
0.0643863 0.0760672 -0.0995992 -0.00328769 
0.0682549 0.0698326 -0.10043 -0.000631737 
0.0718626 0.0633421 -0.100807 0.00201738 
0.0751932 0.0566235 -0.100731 0.00464987 
0.0782318 0.0497053 -0.100202 0.00725593 
0.080965 0.0426172 -0.0992239 0.00982579 
0.0833807 0.0353892 -0.0978007 0.0123498 
0.0854682 0.0280522 -0.0959395 0.0148183 
0.0872183 0.0206372 -0.0936489 0.017222 
0.0886233 0.0131755 -0.0909391 0.0195518 
0.0896771 0.00569875 -0.0878224 0.0217987 
0.0903749 -0.00176152 -0.0843124 0.0239541 
0.0907139 -0.0091739 -0.0804248 0.0260099 
0.0906924 -0.0165072 -0.0761765 0.0279582 
0.0903106 -0.0237307 -0.0715859 0.0297915 
0.0895702 -0.0308141 -0.0666731 0.031503 
0.0884742 -0.0377277 -0.0614593 0.0330859 
0.0870275 -0.0444428 -0.0559669 0.0345346 
0.0852363 -0.0509312 -0.0502195 0.0358433 
0.0831082 -0.0571661 -0.0442419 0.0370074 
0.0806524 -0.0631216 -0.0380595 0.0380225 
0.0778795 -0.068773 -0.0316989 0.038885 
0.0748013 -0.074097 -0.025187 0.0395918 
0.071431 -0.0790718 -0.0185517 0.0401405 
0.067783 -0.0836768 -0.011821 0.0405293 
0.0638728 -0.0878934 -0.00502356 0.0407571 
0.0597172 -0.0917044 0.00181192 0.0408236 
0.0553339 -0.0950943 0.00865654 0.0407288 
0.0507414 -0.0980497 0.0154814 0.0404738 
0.0459592 -0.100559 0.0222579 0.0400599 
0.0410077 -0.102611 0.0289573 0.0394895 
0.0359079 -0.1042 0.0355518 0.0387654 
0.0306813 -0.105319 0.0420135 0.037891 
0.02535 -0.105964 0.0483155 0.0368704 
0.0199366 -0.106133 0.0544315 0.0357083 
0.0144638 -0.105826 0.060336 0.0344099 
0.00895471 -0.105045 0.0660045 0.0329811 
0.00343251 -0.103795 0.0714134 0.0314283 
-0.0020796 -0.102081 0.0765404 0.0297583 
-0.00755852 -0.0999118 0.0813644 0.0279783 
-0.0129813 -0.0972967 0.0858655 0.0260963 
-0.0183252 -0.0942476 0.0900253 0.0241203 
-0.0235679 -0.0907782 0.0938267 0.0220589 
-0.0286877 -0.0869037 0.0972545 0.0199211 
-0.0336631 -0.0826412 0.100295 0.0177161 
-0.0384734 -0.0780093 0.102935 0.0154532 
-0.0430989 -0.0730281 0.105165 0.0131423 
-0.0475202 -0.0677191 0.106977 0.0107931 
-0.0517191 -0.0621054 0.108362 0.00841578 
-0.0556785 -0.0562111 0.109316 0.00602033 
-0.0593819 -0.0500614 0.109837 0.00361696 
-0.0628143 -0.0436828 0.109921 0.00121586 
-0.0659617 -0.0371025 0.10957 -0.00117282 
-0.0688113 -0.0303486 0.108785 -0.00353899 
-0.0713517 -0.0234498 0.107572 -0.00587269 
-0.0735725 -0.0164355 0.105935 -0.0081641 
-0.0754652 -0.00933546 0.103882 -0.0104036 
-0.0770222 -0.0021797 0.101423 -0.0125818 
-0.0782376 0.00500151 0.098569 -0.0146897 
-0.0791067 0.0121778 0.0953318 -0.0167183 
-0.0796267 0.019319 0.0917262 -0.0186593 
-0.0797958 0.0263951 0.0877681 -0.0205047 
-0.0796139 0.0333762 0.0834746 -0.0222467 
-0.0790825 0.0402332 0.0788644 -0.0238782 
-0.0782043 0.0469374 0.0739575 -0.0253925 
-0.0769837 0.0534606 0.068775 -0.0267834 
-0.0754263 0.0597758 0.0633393 -0.0280452 
-0.0735393 0.0658567 0.0576737 -0.0291728 
-0.0713312 0.0716779 0.0518025 -0.0301616 
-0.0688119 0.0772154 0.0457507 -0.0310077 
-0.0659925 0.0824464 0.0395441 -0.0317078 
-0.0628854 0.0873492 0.0332093 -0.0322591 
-0.0595042 0.0919038 0.026773 -0.0326596 
-0.0558636 0.0960915 0.0202627 -0.0329078 
-0.0519793 0.0998953 0.0137058 -0.0330028 
-0.0478683 0.1033 0.00713011 -0.0329447 
-0.0435481 0.106291 0.000563354 -0.0327338 
-0.0390373 0.108858 -0.0059668 -0.0323712 
-0.0343554 0.110989 -0.0124329 -0.0318588 
-0.0295222 0.112677 -0.0188077 -0.031199 
-0.0245585 0.113916 -0.0250646 -0.0303948 
-0.0194854 0.1147 -0.0311774 -0.0294497 
-0.0143244 0.115028 -0.0371205 -0.0283681 
-0.00909749 0.114898 -0.0428692 -0.0271547 
-0.00382679 0.114312 -0.0483995 -0.0258148 
0.00146542 0.113274 -0.0536885 -0.0243543 
0.00675677 0.111787 -0.0587143 -0.0227795 
0.012025 0.10986 -0.0634562 -0.0210973 
0.0172478 0.107501 -0.0678946 -0.0193149 
0.0224034 0.104721 -0.0720114 -0.01744 
0.0274701 0.101532 -0.0757896 -0.0154807 
0.0324266 0.097949 -0.079214 -0.0134454 
0.0372523 0.0939867 -0.0822707 -0.0113427 
0.0419271 0.0896629 -0.0849473 -0.00918163 
0.0464315 0.0849963 -0.0872334 -0.00697143 
0.0507467 0.0800073 -0.0891198 -0.00472147 
0.0548549 0.0747173 -0.0905993 -0.00244129 
0.0587391 0.0691492 -0.0916662 -0.000140569 
0.0623834 0.063327 -0.0923169 0.00217097 
0.0657727 0.0572755 -0.0925493 0.00448357 
0.0688931 0.0510207 -0.092363 0.00678747 
0.0717321 0.0445893 -0.0917595 0.00907298 
0.074278 0.0380087 -0.0907421 0.0113305 
0.0765206 0.0313068 -0.0893157 0.0135506 
0.078451 0.0245122 -0.0874871 0.0157238 
0.0800615 0.0176536 -0.0852646 0.0178413 
0.081346 0.0107601 -0.0826583 0.0198941 
0.0822994 0.00386068 -0.0796796 0.0218736 
0.0829183 -0.00301545 -0.076342 0.0237717 
0.0832008 -0.00983938 -0.0726599 0.0255805 
0.0831461 -0.0165824 -0.0686495 0.0272925 
0.082755 -0.0232163 -0.0643282 0.0289007 
0.0820298 -0.0297132 -0.0597148 0.0303984 
0.080974 -0.0360459 -0.0548293 0.0317795 
0.0795927 -0.0421882 -0.0496925 0.0330384 
0.0778922 -0.0481143 -0.0443267 0.03417 
0.0758802 -0.0537996 -0.0387548 0.0351698 
0.0735657 -0.0592206 -0.0330007 0.0360336 
0.0709589 -0.0643549 -0.0270888 0.0367582 
0.0680714 -0.0691813 -0.0210445 0.0373406 
0.0649158 -0.0736799 -0.0148933 0.0377788 
0.0615058 -0.0778324 -0.00866148 0.038071 
0.0578563 -0.0816218 -0.00237533 0.0382162 
0.0539829 -0.0850327 0.00393852 0.0382142 
0.0499024 -0.0880514 0.0102534 0.0380651 
0.0456324 -0.0906658 0.0165427 0.0377699 
0.0411911 -0.0928655 0.02278 0.0373299 
0.0365976 -0.0946421 0.028939 0.0367474 
0.0318714 -0.0959886 0.0349939 0.036025 
0.0270328 -0.0969001 0.0409194 0.0351659 
0.0221023 -0.0973735 0.0466906 0.0341741 
0.0171009 -0.0974075 0.0522836 0.0330539 
0.0120497 -0.0970027 0.057675 0.0318103 
0.00697008 -0.0961616 0.0628424 0.0304487 
0.00188358 -0.0948884 0.0677645 0.028975 
-0.00318838 -0.0931891 0.0724208 0.0273957 
-0.00822444 -0.0910718 0.0767922 0.0257176 
-0.0132034 -0.0885459 0.0808608 0.0239478 
-0.0181045 -0.0856228 0.0846099 0.0220941 
-0.022907 -0.0823155 0.0880241 0.0201644 
-0.027591 -0.0786385 0.0910898 0.0181669 
-0.0321368 -0.0746081 0.0937944 0.0161102 
-0.0365256 -0.0702417 0.0961273 0.0140031 
-0.0407391 -0.0655583 0.0980792 0.0118544 
-0.0447598 -0.0605782 0.0996425 0.00967342 
-0.0485711 -0.0553228 0.100811 0.00746929 
-0.0521573 -0.0498149 0.101581 0.00525138 
-0.0555036 -0.0440779 0.10195 0.00302906 
-0.0585964 -0.0381366 0.101916 0.000811695 
-0.0614229 -0.0320162 0.101481 -0.00139136 
-0.0639718 -0.0257429 0.100647 -0.00357086 
-0.0662327 -0.0193433 0.0994175 -0.00571763 
-0.0681966 -0.0128447 0.0977996 -0.0078227 
-0.0698557 -0.00627461 0.0958001 -0.00987725 
-0.0712035 0.000339156 0.0934282 -0.0118727 
-0.0722349 0.00696864 0.0906944 -0.0138007 
-0.072946 0.0135859 0.087611 -0.0156534 
-0.0733344 0.020163 0.0841914 -0.0174229 
-0.0733989 0.0266723 0.0804507 -0.019102 
-0.0731398 0.0330865 0.0764052 -0.0206837 
-0.0725588 0.0393787 0.0720723 -0.0221615 
-0.0716588 0.0455225 0.0674709 -0.0235295 
-0.0704441 0.0514924 0.0626208 -0.0247819 
-0.0689205 0.0572634 0.0575428 -0.0259137 
-0.0670948 0.0628116 0.0522588 -0.0269204 
-0.0649752 0.0681139 0.0467914 -0.0277978 
-0.0625711 0.0731484 0.0411638 -0.0285426 
-0.0598932 0.0778943 0.0354001 -0.0291517 
-0.0569532 0.082332 0.0295249 -0.0296229 
-0.053764 0.0864434 0.023563 -0.0299544 
-0.0503393 0.0902117 0.0175398 -0.030145 
-0.046694 0.0936216 0.0114807 -0.0301942 
-0.0428439 0.0966592 0.00541135 -0.0301019 
-0.0388054 0.0993125 -0.000642653 -0.0298689 
-0.0345961 0.101571 -0.00665581 -0.0294962 
-0.0302338 0.103425 -0.0126028 -0.0289858 
-0.0257372 0.104869 -0.0184588 -0.02834 
-0.0211255 0.105896 -0.0241991 -0.0275617 
-0.0164183 0.106503 -0.0297998 -0.0266545 
-0.0116357 0.106688 -0.0352375 -0.0256223 
-0.00679792 0.106451 -0.0404896 -0.0244698 
-0.00192543 0.105794 -0.0455341 -0.023202 
0.00296117 0.104721 -0.0503503 -0.0218245 
0.00784124 0.103235 -0.054918 -0.0203431 
0.0126942 0.101345 -0.0592186 -0.0187645 
0.0174997 0.0990593 -0.0632344 -0.0170952 
0.0222375 0.0963876 -0.0669488 -0.0153426 
0.0268878 0.093342 -0.0703467 -0.0135142 
0.031431 0.0899362 -0.0734143 -0.0116178 
0.0358483 0.0861849 -0.0761393 -0.00966152 
0.0401212 0.0821047 -0.0785107 -0.00765369 
0.044232 0.0777132 -0.080519 -0.00560286 
0.0481635 0.0730294 -0.0821565 -0.00351776 
0.0518995 0.0680737 -0.0834169 -0.00140724 
0.0554246 0.0628673 -0.0842954 0.00071978 
0.0587242 0.0574325 -0.0847889 0.00285429 
0.0617849 0.0517928 -0.0848962 0.00498729 
0.0645941 0.0459722 -0.0846172 0.00710977 
0.0671404 0.0399956 -0.0839539 0.00921283 
0.0694135 0.0338883 -0.0829096 0.0112876 
0.0714043 0.0276764 -0.0814895 0.0133254 
0.0731048 0.0213862 -0.0797001 0.0153177 
0.0745083 0.0150444 -0.0775496 0.0172562 
0.0756095 0.00867779 -0.0750476 0.0191328 
0.0764042 0.00231323 -0.0722053 0.0209397 
0.0768895 -0.00402243 -0.0690352 0.0226694 
0.0770639 -0.0103025 -0.0655512 0.0243146 
0.0769272 -0.0165007 -0.0617685 0.0258688 
0.0764805 -0.0225909 -0.0577036 0.0273253 
0.0757262 -0.0285478 -0.0533741 0.0286783 
0.0746679 -0.0343462 -0.0487986 0.0299222 
0.0733107 -0.0399622 -0.0439969 0.0310519 
0.0716608 -0.0453724 -0.0389896 0.0320629 
0.0697255 -0.0505541 -0.0337981 0.0329512 
0.0675135 -0.0554861 -0.0284446 0.0337131 
0.0650347 -0.0601479 -0.022952 0.0343456 
0.0622998 -0.0645203 -0.0173436 0.0348464 
0.0593209 -0.0685854 -0.0116433 0.0352135 
0.0561109 -0.0723265 -0.0058752 0.0354457 
0.0526837 -0.0757284 -6.38106e-05 0.035542 
0.0490542 -0.0787773 0.00576632 0.0355024 
0.0452379 -0.081461 0.0115906 0.0353273 
0.0412513 -0.0837687 0.0173845 0.0350176 
0.0371115 -0.0856913 0.0231235 0.0345748 
0.0328361 -0.0872214 0.0287837 0.0340011 
0.0284434 -0.0883532 0.0343413 0.033299 
0.0239522 -0.0890825 0.0397731 0.0324717 
0.0193814 -0.089407 0.0450562 0.031523 
0.0147506 -0.089326 0.0501688 0.0304571 
0.0100794 -0.0888404 0.0550895 0.0292785 
0.00538739 -0.087953 0.0597979 0.0279926 
0.000694531 -0.0866681 0.0642746 0.0266048 
-0.00397943 -0.084992 0.068501 0.0251212 
-0.00861482 -0.0829322 0.0724597 0.0235482 
-0.0131922 -0.0804981 0.0761345 0.0218926 
-0.0176923 -0.0777006 0.0795103 0.0201615 
-0.0220963 -0.0745521 0.0825735 0.0183623 
-0.0263858 -0.0710664 0.0853116 0.0165028 
-0.0305429 -0.0672588 0.0877137 0.0145908 
-0.0345503 -0.0631458 0.0897701 0.0126345 
-0.0383914 -0.0587454 0.0914727 0.0106422 
-0.0420502 -0.0540764 0.092815 0.00862249 
-0.0455117 -0.0491592 0.093792 0.00658379 
-0.0487615 -0.0440148 0.0944 0.00453475 
-0.0517863 -0.0386652 0.0946372 0.00248405 
-0.0545737 -0.0331334 0.0945031 0.000440323 
-0.0571124 -0.0274429 0.093999 -0.00158782 
-0.0593921 -0.0216181 0.0931275 -0.00359186 
-0.0614036 -0.0156838 0.091893 -0.00556339 
-0.0631388 -0.00966497 0.0903013 -0.00749414 
-0.0645909 -0.00358731 0.0883596 -0.00937606 
-0.0657543 0.00252351 0.0860768 -0.0112013 
-0.0666246 0.00864167 0.083463 -0.0129622 
-0.0671984 0.0147414 0.0805297 -0.0146515 
-0.067474 0.0207969 0.07729 -0.0162622 
-0.0674506 0.0267829 0.0737578 -0.0177876 
-0.0671289 0.0326741 0.0699488 -0.0192215 
-0.0665106 0.038446 0.0658792 -0.0205579 
-0.065599 0.0440743 0.0615668 -0.0217913 
-0.0643982 0.0495356 0.05703 -0.0229168 
-0.0629139 0.0548071 0.0522885 -0.0239298 
-0.0611528 0.059867 0.0473625 -0.0248262 
-0.0591228 0.0646942 0.0422731 -0.0256024 
-0.0568328 0.0692687 0.037042 -0.0262553 
-0.054293 0.0735718 0.0316916 -0.0267824 
-0.0515145 0.0775858 0.0262445 -0.0271816 
-0.0485094 0.0812941 0.0207239 -0.0274516 
-0.0452907 0.0846816 0.0151532 -0.0275913 
-0.0418723 0.0877347 0.00955594 -0.0276005 
-0.038269 0.090441 0.00395577 -0.0274792 
-0.0344963 0.0927896 -0.0016237 -0.0272282 
-0.0305704 0.0947713 -0.00715897 -0.0268488 
-0.0265081 0.0963782 -0.0126268 -0.0263428 
-0.0223267 0.0976043 -0.0180042 -0.0257126 
-0.0180441 0.0984451 -0.0232687 -0.0249609 
-0.0136784 0.0988975 -0.0283983 -0.0240912 
-0.00924822 0.0989604 -0.0333716 -0.0231073 
-0.00477237 0.0986341 -0.0381679 -0.0220136 
-0.000269753 0.0979206 -0.0427672 -0.0208149 
0.00424059 0.0968236 -0.0471505 -0.0195163 
0.00873964 0.0953484 -0.0512996 -0.0181236 
0.0132084 0.0935017 -0.0551976 -0.0166427 
0.0176282 0.0912921 -0.0588282 -0.01508 
0.0219804 0.0887294 -0.0621768 -0.0134424 
0.0262468 0.085825 -0.0652296 -0.0117367 
0.0304095 0.0825916 -0.0679742 -0.00997029 
0.0344512 0.0790436 -0.0703997 -0.00815074 
0.038355 0.0751963 -0.0724962 -0.0062858 
0.0421046 0.0710665 -0.0742556 -0.00438339 
0.0456847 0.0666721 -0.0756709 -0.00245161 
0.0490803 0.062032 -0.0767367 -0.000498636 
0.0522773 0.0571662 -0.0774492 0.00146726 
0.0552628 0.0520955 -0.0778059 0.00343776 
0.0580244 0.0468417 -0.0778059 0.00540455 
0.0605509 0.0414273 -0.0774498 0.00735936 
0.062832 0.0358753 -0.0767397 0.00929396 
0.0648585 0.0302094 -0.0756792 0.0112002 
0.0666222 0.0244536 -0.0742733 0.0130702 
0.0681162 0.0186323 -0.0725285 0.014896 
0.0693347 0.0127703 -0.0704527 0.01667 
0.0702729 0.00689222 -0.0680552 0.0183849 
0.0709274 0.00102294 -0.0653468 0.0200335 
0.0712958 -0.00481282 -0.0623392 0.0216089 
0.0713771 -0.0105905 -0.0590457 0.0231047 
0.0711714 -0.0162859 -0.0554807 0.0245147 
0.0706801 -0.0218751 -0.0516595 0.025833 
0.0699057 -0.0273347 -0.0475989 0.0270543 
0.0688519 -0.0326419 -0.0433161 0.0281736 
0.0675237 -0.0377747 -0.0388298 0.0291863 
0.0659271 -0.0427116 -0.0341591 0.0300883 
0.0640692 -0.0474321 -0.029324 0.0308761 
0.0619584 -0.0519168 -0.0243453 0.0315465 
0.0596039 -0.056147 -0.019244 0.0320968 
0.0570162 -0.0601055 -0.0140419 0.0325249 
0.0542064 -0.0637759 -0.00876121 0.0328293 
0.0511868 -0.0671433 -0.00342419 0.0330088 
0.0479704 -0.0701939 0.00194653 0.0330629 
0.0445713 -0.0729155 0.00732826 0.0329916 
0.0410039 -0.0752971 0.0126983 0.0327954 
0.0372836 -0.0773292 0.018034 0.0324753 
0.0334263 -0.0790038 0.0233129 0.0320329 
0.0294486 -0.0803146 0.0285129 0.0314703 
0.0253674 -0.0812564 0.0336122 0.0307899 
0.0212 -0.0818261 0.0385895 0.029995 
0.0169643 -0.0820218 0.043424 0.0290889 
0.0126781 -0.0818432 0.0480955 0.0280758 
0.00835957 -0.0812918 0.0525846 0.0269601 
0.00402703 -0.0803706 0.0568727 0.0257466 
-0.000301256 -0.0790839 0.060942 0.0244406 
-0.00460705 -0.0774379 0.0647758 0.0230478 
-0.00887224 -0.0754401 0.0683583 0.0215742 
-0.0130789 -0.0730995 0.0716748 0.0200262 
-0.0172094 -0.0704264 0.0747117 0.0184103 
-0.0212465 -0.0674328 0.0774567 0.0167336 
-0.0251733 -0.0641318 0.0798988 0.0150032 
-0.0289733 -0.0605378 0.0820281 0.0132264 
-0.0326309 -0.0566664 0.0838362 0.0114109 
-0.0361309 -0.0525345 0.085316 0.00956427 
-0.0394586 -0.0481598 0.0864618 0.00769448 
-0.0426005 -0.0435612 0.0872693 0.0058094 
-0.0455435 -0.0387586 0.0877356 0.00391701 
-0.0482756 -0.0337723 0.0878595 0.00202529 
-0.0507856 -0.0286239 0.0876408 0.000142217 
-0.0530633 -0.0233352 0.0870812 -0.00172428 
-0.0550995 -0.0179288 0.0861835 -0.00356637 
-0.056886 -0.0124277 0.084952 -0.00537632 
-0.0584156 -0.00685521 0.0833926 -0.00714655 
-0.0596824 -0.00123493 0.0815123 -0.00886968 
-0.0606815 0.00440935 0.0793196 -0.0105385 
-0.0614091 0.0100538 0.0768243 -0.0121461 
-0.0618625 0.0156746 0.0740373 -0.0136857 
-0.0620403 0.0212481 0.070971 -0.0151511 
-0.0619422 0.026751 0.0676386 -0.0165361 
-0.0615691 0.03216 0.0640547 -0.0178351 
-0.0609231 0.0374526 0.0602349 -0.0190427 
-0.0600072 0.0426067 0.0561955 -0.0201539 
-0.0588258 0.0476007 0.0519541 -0.0211643 
-0.0573844 0.0524139 0.0475287 -0.0220697 
-0.0556893 0.0570263 0.0429384 -0.0228666 
-0.0537483 0.0614187 0.0382028 -0.0235517 
-0.0515698 0.065573 0.0333422 -0.0241223 
-0.0491635 0.0694721 0.0283771 -0.0245762 
-0.0465399 0.0731 0.0233287 -0.0249117 
-0.0437103 0.0764419 0.0182184 -0.0251276 
-0.0406872 0.079484 0.0130679 -0.0252232 
-0.0374835 0.0822142 0.00789899 -0.0251982 
-0.034113 0.0846213 0.0027334 -0.0250529 
-0.0305902 0.0866958 -0.00240704 -0.0247883 
-0.0269303 0.0884295 -0.00750072 -0.0244055 
-0.0231488 0.0898157 -0.0125262 -0.0239065 
-0.019262 0.090849 -0.0174625 -0.0232934 
-0.0152863 0.0915258 -0.0222889 -0.0225691 
-0.0112388 0.0918437 -0.0269852 -0.0217368 
-0.0071365 0.091802 -0.0315319 -0.0208002 
-0.00299688 0.0914014 -0.03591 -0.0197634 
0.00116256 0.0906444 -0.0401014 -0.0186309 
0.00532427 0.0895345 -0.0440887 -0.0174078 
0.0094707 0.0880772 -0.0478554 -0.0160992 
0.0135844 0.086279 -0.051386 -0.0147109 
0.017648 0.0841483 -0.0546661 -0.0132488 
0.0216446 0.0816944 -0.0576821 -0.0117192 
0.0255574 0.0789283 -0.0604219 -0.0101287 
0.02937 0.0758622 -0.0628744 -0.00848411 
0.0330665 0.0725094 -0.0650296 -0.0067924 
0.0366315 0.0688846 -0.066879 -0.00506081 
0.0400503 0.0650036 -0.0684153 -0.0032967 
0.0433086 0.060883 -0.0696325 -0.00150757 
0.046393 0.0565407 -0.0705261 0.000299013 
0.0492908 0.0519954 -0.0710928 0.00211539 
0.05199 0.0472665 -0.0713307 0.0039339 
0.0544797 0.0423743 -0.0712394 0.00574686 
0.0567496 0.0373396 -0.0708199 0.00754664 
0.0587906 0.032184 -0.0700744 0.00932568 
0.0605944 0.0269293 -0.0690066 0.0110765 
0.0621538 0.021598 -0.0676216 0.0127918 
0.0634627 0.0162125 -0.0659257 0.0144644 
0.0645159 0.0107957 -0.0639266 0.0160873 
0.0653094 0.00537047 -0.0616332 0.0176537 
0.0658404 -4.03058e-05 -0.0590557 0.0191571 
0.066107 -0.00541385 -0.0562054 0.0205914 
0.0661085 -0.0107276 -0.0530947 0.0219505 
0.0658454 -0.0159592 -0.0497373 0.0232289 
0.0653192 -0.0210867 -0.0461477 0.0244213 
0.0645325 -0.0260887 -0.0423414 0.0255229 
0.0634892 -0.0309444 -0.0383348 0.0265291 
0.0621939 -0.0356335 -0.0341451 0.0274358 
0.0606528 -0.0401365 -0.0297903 0.0282394 
0.0588725 -0.0444347 -0.025289 0.0289367 
0.056861 -0.0485104 -0.0206605 0.0295249 
0.0546272 -0.0523467 -0.0159244 0.0300017 
0.0521809 -0.0559279 -0.0111009 0.0303653 
0.0495327 -0.0592393 -0.00621057 0.0306143 
0.0466941 -0.0622674 -0.00127402 0.0307479 
0.0436775 -0.0649998 0.00368783 0.0307657 
0.0404958 -0.0674256 0.00865402 0.0306679 
0.0371626 -0.0695351 0.0136036 0.030455 
0.0336924 -0.0713198 0.0185158 0.0301281 
0.0301 -0.0727728 0.0233698 0.0296887 
0.0264006 -0.0738885 0.0281454 0.0291391 
0.0226102 -0.0746627 0.0328225 0.0284815 
0.0187447 -0.0750929 0.0373817 0.027719 
0.0148207 -0.0751776 0.0418038 0.026855 
0.0108548 -0.0749172 0.0460704 0.0258932 
0.00686374 -0.0743133 0.0501639 0.0248379 
0.0028644 -0.073369 0.0540672 0.0236937 
-0.00112634 -0.0720888 0.0577642 0.0224656 
-0.00509167 -0.0704788 0.0612397 0.0211589 
-0.00901491 -0.0685463 0.0644794 0.0197792 
-0.0128796 -0.0662998 0.06747 0.0183324 
-0.0166695 -0.0637495 0.0701994 0.0168248 
-0.0203689 -0.0609066 0.0726563 0.0152629 
-0.0239622 -0.0577835 0.074831 0.0136532 
-0.0274344 -0.0543939 0.0767148 0.0120027 
-0.0307712 -0.0507525 0.0783001 0.0103183 
-0.0339588 -0.0468751 0.0795809 0.00860736 
-0.0369838 -0.0427783 0.0805521 0.00687698 
-0.0398338 -0.03848 0.0812103 0.00513453 
-0.0424972 -0.0339984 0.0815531 0.00338737 
-0.0449629 -0.0293528 0.0815796 0.00164287 
-0.047221 -0.0245631 0.0812903 -9.16037e-05 
-0.0492622 -0.0196496 0.0806869 -0.00180877 
-0.0510783 -0.0146334 0.0797725 -0.00350141 
-0.052662 -0.00953565 0.0785514 -0.00516244 
-0.054007 -0.00437806 0.0770292 -0.0067849 
-0.0551081 0.000817547 0.075213 -0.00836202 
-0.055961 0.00602921 0.0731108 -0.00988723 
-0.0565625 0.0112349 0.070732 -0.0113542 
-0.0569105 0.0164128 0.0680871 -0.0127568 
-0.057004 0.0215409 0.0651876 -0.0140892 
-0.0568429 0.0265979 0.0620462 -0.015346 
-0.0564285 0.0315625 0.0586765 -0.016522 
-0.0557628 0.0364139 0.0550932 -0.0176123 
-0.054849 0.0411318 0.0513117 -0.0186125 
-0.0536915 0.0456967 0.0473482 -0.0195185 
-0.0522956 0.0500894 0.0432198 -0.0203267 
-0.0506674 0.0542919 0.0389442 -0.0210338 
-0.0488143 0.0582865 0.0345395 -0.0216371 
-0.0467444 0.062057 0.0300247 -0.022134 
-0.0444669 0.0655877 0.0254188 -0.0225228 
-0.0419916 0.0688642 0.0207416 -0.0228019 
-0.0393293 0.0718731 0.0160127 -0.0229704 
-0.0364916 0.074602 0.0112523 -0.0230278 
-0.0334907 0.0770401 0.00648044 -0.0229739 
-0.0303396 0.0791775 0.00171727 -0.0228092 
-0.0270517 0.0810056 -0.00301715 -0.0225345 
-0.0236411 0.0825173 -0.0077029 -0.0221513 
-0.0201225 0.0837068 -0.0123203 -0.0216613 
-0.0165109 0.0845695 -0.01685 -0.0210667 
-0.0128216 0.0851024 -0.0212731 -0.0203702 
-0.00907024 0.0853038 -0.0255711 -0.019575 
-0.00527285 0.0851733 -0.029726 -0.0186845 
-0.00144546 0.0847121 -0.0337207 -0.0177026 
0.00239572 0.0839226 -0.0375385 -0.0166337 
0.0062345 0.0828088 -0.0411636 -0.0154825 
0.0100547 0.0813758 -0.044581 -0.0142537 
0.0138402 0.0796302 -0.0477768 -0.0129529 
0.0175752 0.07758 -0.0507377 -0.0115856 
0.0212439 0.0752342 -0.0534518 -0.0101577 
0.0248311 0.0726032 -0.0559079 -0.00867523 
0.0283217 0.0696986 -0.0580962 -0.00714461 
0.0317011 0.0665331 -0.0600078 -0.00557236 
0.0349554 0.0631205 -0.0616352 -0.00396517 
0.038071 0.0594756 -0.0629719 -0.00232987 
0.041035 0.055614 -0.0640129 -0.000673413 
0.0438351 0.0515526 -0.0647542 0.000997195 
0.0464598 0.0473086 -0.0651931 0.00267488 
0.0488984 0.0429003 -0.0653284 0.00435257 
0.0511409 0.0383466 -0.06516 0.00602318 
0.0531781 0.0336669 -0.0646891 0.00767969 
0.0550019 0.0288811 -0.0639181 0.00931512 
0.0566048 0.0240095 -0.0628509 0.0109226 
0.0579804 0.019073 -0.0614924 0.0124955 
0.0591234 0.0140923 -0.0598487 0.0140271 
0.0600294 0.00908856 -0.0579274 0.0155111 
0.0606948 0.0040829 -0.055737 0.0169413 
0.0611173 -0.00090357 -0.0532872 0.0183118 
0.0612955 -0.00584987 -0.0505886 0.0196169 
0.061229 -0.0107352 -0.0476532 0.0208511 
0.0609186 -0.0155391 -0.0444936 0.0220095 
0.060366 -0.0202414 -0.0411236 0.0230872 
0.0595739 -0.0248225 -0.0375577 0.0240799 
0.0585459 -0.0292633 -0.0338113 0.0249834 
0.057287 -0.0335452 -0.0299004 0.0257942 
0.0558026 -0.0376506 -0.0258419 0.0265089 
0.0540995 -0.0415623 -0.021653 0.0271248 
0.0521853 -0.0452642 -0.0173517 0.0276394 
0.0500682 -0.048741 -0.0129563 0.0280506 
0.0477577 -0.0519785 -0.00848543 0.028357 
0.0452637 -0.0549635 -0.0039581 0.0285573 
0.0425971 -0.0576837 0.000606532 0.028651 
0.0397694 -0.060128 0.00518915 0.0286378 
0.0367927 -0.0622868 0.0097704 0.028518 
0.0336799 -0.0641513 0.014331 0.0282922 
0.0304444 -0.0657142 0.0188517 0.0279615 
0.0270999 -0.0669694 0.0233135 0.0275276 
0.0236608 -0.067912 0.0276978 0.0269924 
0.0201417 -0.0685387 0.0319862 0.0263583 
0.0165576 -0.0688473 0.0361607 0.0256282 
0.0129236 -0.0688371 0.040204 0.0248054 
0.00925523 -0.0685086 0.0440992 0.0238934 
0.00556798 -0.0678637 0.0478302 0.0228962 
0.00187741 -0.0669057 0.0513814 0.0218182 
-0.00180091 -0.0656392 0.0547382 0.0206641 
-0.00545149 -0.0640699 0.0578869 0.0194388 
-0.00905898 -0.062205 0.0608144 0.0181477 
-0.0126083 -0.0600529 0.0635088 0.0167962 
-0.0160845 -0.0576231 0.0659591 0.0153903 
-0.019473 -0.0549263 0.0681553 0.0139358 
-0.0227599 -0.0519743 0.0700888 0.012439 
-0.0259313 -0.0487799 0.0717516 0.0109064 
-0.028974 -0.0453572 0.0731374 0.00934434 
-0.0318755 -0.0417207 0.0742406 0.00775954 
-0.0346238 -0.0378864 0.0750571 0.00615871 
-0.0372076 -0.0338705 0.075584 0.00454861 
-0.0396161 -0.0296904 0.0758195 0.00293606 
-0.0418396 -0.025364 0.075763 0.00132786 
-0.043869 -0.0209097 0.0754154 -0.000269223 
-0.045696 -0.0163466 0.0747785 -0.00184847 
-0.0473133 -0.011694 0.0738556 -0.00340327 
-0.0487144 -0.00697164 0.0726509 -0.00492708 
-0.0498938 -0.00219966 0.0711701 -0.00641355 
-0.0508469 0.0026018 0.0694198 -0.00785647 
-0.05157 0.00741244 0.0674078 -0.00924983 
-0.0520604 0.012212 0.0651431 -0.0105878 
-0.0523165 0.0169802 0.0626357 -0.0118649 
-0.0523375 0.021697 0.0598965 -0.0130758 
-0.0521239 0.0263426 0.0569374 -0.0142156 
-0.0516768 0.0308976 0.0537712 -0.0152794 
-0.0509986 0.0353429 0.0504118 -0.0162631 
-0.0500924 0.03966 0.0468735 -0.0171625 
-0.0489625 0.0438308 0.0431716 -0.017974 
-0.047614 0.0478381 0.0393219 -0.0186943 
-0.046053 0.0516651 0.0353409 -0.0193206 
-0.0442864 0.0552961 0.0312457 -0.0198504 
-0.0423219 0.0587161 0.0270536 -0.0202815 
-0.0401683 0.061911 0.0227825 -0.0206124 
-0.0378348 0.0648677 0.0184505 -0.0208417 
-0.0353316 0.0675742 0.0140761 -0.0209688 
-0.0326696 0.0700194 0.00967764 -0.0209933 
-0.0298602 0.0721935 0.00527379 -0.0209151 
-0.0269156 0.0740878 0.000883106 -0.0207348 
-0.0238483 0.0756947 -0.00347592 -0.0204534 
-0.0206715 0.0770079 -0.00778497 -0.0200722 
-0.0173988 0.0780225 -0.012026 -0.0195929 
-0.0140441 0.0787345 -0.0161811 -0.0190178 
-0.0106216 0.0791416 -0.0202331 -0.0183494 
-0.00714607 0.0792424 -0.0241649 -0.0175907 
-0.00363208 0.0790372 -0.0279603 -0.016745 
-9.45468e-05 0.0785272 -0.0316034 -0.0158161 
0.00345158 0.0777151 -0.0350792 -0.0148081 
0.00699133 0.0766048 -0.0383731 -0.0137252 
0.0105098 0.0752015 -0.0414718 -0.0125722 
0.0139922 0.0735117 -0.0443624 -0.011354 
0.0174239 0.0715428 -0.0470331 -0.010076 
0.0207905 0.0693037 -0.049473 -0.00874354 
0.0240779 0.0668043 -0.0516722 -0.00736238 
0.0272724 0.0640555 -0.0536218 -0.00593842 
0.0303608 0.0610693 -0.055314 -0.00447773 
0.03333 0.0578588 -0.0567422 -0.00298654 
0.0361679 0.0544377 -0.0579006 -0.00147117 
0.0388627 0.0508209 -0.058785 6.19448e-05 
0.0414032 0.047024 -0.0593919 0.00160631 
0.0437791 0.0430632 -0.0597194 0.00315539 
0.0459805 0.0389556 -0.0597665 0.00470266 
0.0479984 0.0347186 -0.0595335 0.0062416 
0.0498248 0.0303704 -0.0590217 0.00776572 
0.0514521 0.0259295 -0.0582339 0.00926864 
0.0528739 0.0214148 -0.0571738 0.010744 
0.0540844 0.0168453 -0.0558463 0.0121858 
0.0550791 0.0122405 -0.0542575 0.0135878 
0.0558539 0.00761983 -0.0524145 0.0149442 
0.056406 0.00300279 -0.0503255 0.0162495 
0.0567335 -0.00159115 -0.0479997 0.0174982 
0.0568354 -0.00614267 -0.0454473 0.018685 
0.0567115 -0.0106326 -0.0426794 0.0198052 
0.0563628 -0.0150423 -0.0397081 0.0208541 
0.0557911 -0.0193531 -0.0365462 0.0218274 
0.0549993 -0.023547 -0.0332074 0.0227211 
0.0539909 -0.0276067 -0.029706 0.0235317 
0.0527707 -0.0315151 -0.0260571 0.0242557 
0.0513441 -0.0352561 -0.0222762 0.0248903 
0.0497174 -0.0388142 -0.0183796 0.025433 
0.0478979 -0.0421746 -0.0143839 0.0258816 
0.0458935 -0.0453236 -0.0103061 0.0262344 
0.0437131 -0.0482482 -0.00616347 0.0264901 
0.041366 -0.0509365 -0.00197362 0.0266478 
0.0388625 -0.0533775 0.00224572 0.0267069 
0.0362134 -0.0555613 0.0064767 0.0266674 
0.03343 -0.0574791 0.0107015 0.0265296 
0.0305244 -0.0591234 0.0149023 0.0262942 
0.0275089 -0.0604876 0.0190613 0.0259624 
0.0243966 -0.0615664 0.0231613 0.0255358 
0.0212006 -0.0623558 0.0271849 0.0250163 
0.0179345 -0.062853 0.0311154 0.0244062 
0.0146124 -0.0630562 0.0349363 0.0237083 
0.0112482 -0.0629652 0.0386317 0.0229257 
0.00785615 -0.0625808 0.0421862 0.0220618 
0.00445069 -0.0619051 0.0455851 0.0211203 
0.00104616 -0.0609414 0.0488143 0.0201054 
-0.00234309 -0.0596943 0.0518604 0.0190215 
-0.00570279 -0.0581696 0.054711 0.0178733 
-0.00901883 -0.056374 0.0573544 0.0166657 
-0.0122773 -0.0543157 0.0597796 0.0154039 
-0.0154646 -0.0520037 0.061977 0.0140932 
-0.0185673 -0.0494482 0.0639375 0.0127394 
-0.0215726 -0.0466604 0.0656534 0.0113482 
-0.0244679 -0.0436523 0.0671178 0.00992548 
-0.0272412 -0.0404372 0.0683249 0.00847734 
-0.0298811 -0.0370288 0.06927 0.00700991 
-0.0323765 -0.0334418 0.0699497 0.00552942 
-0.0347173 -0.0296917 0.0703615 0.00404212 
-0.0368938 -0.0257945 0.0705041 0.00255429 
-0.0388971 -0.021767 0.0703774 0.00107221 
-0.040719 -0.0176262 0.0699822 -0.000397875 
-0.0423522 -0.0133899 0.0693209 -0.0018498 
-0.0437902 -0.00907607 0.0683964 -0.00327747 
-0.045027 -0.00470301 0.0672133 -0.00467491 
-0.046058 -0.000289268 0.0657769 -0.00603627 
-0.0468791 0.00414649 0.0640937 -0.00735588 
-0.0474871 0.00858552 0.0621712 -0.00862824 
-0.0478798 0.0130091 0.0600179 -0.00984806 
-0.0480561 0.0173986 0.0576433 -0.0110103 
-0.0480153 0.0217356 0.0550576 -0.0121101 
-0.0477582 0.0260019 0.0522723 -0.0131431 
-0.0472862 0.0301797 0.0492993 -0.0141048 
-0.0466015 0.0342514 0.0461516 -0.0149915 
-0.0457074 0.0382 0.0428426 -0.0157994 
-0.0446081 0.0420092 0.0393865 -0.0165253 
-0.0433085 0.0456631 0.0357983 -0.0171663 
-0.0418145 0.0491465 0.0320932 -0.0177199 
-0.0401326 0.0524451 0.028287 -0.0181837 
-0.0382702 0.0555452 0.024396 -0.0185561 
-0.0362355 0.0584342 0.0204367 -0.0188356 
-0.0340374 0.0611001 0.016426 -0.0190212 
-0.0316854 0.0635321 0.0123807 -0.0191122 
-0.0291897 0.0657204 0.00831801 -0.0191085 
-0.026561 0.0676561 0.00425511 -0.0190101 
-0.0238106 0.0693315 0.000209105 -0.0188178 
-0.0209504 0.07074 -0.00380297 -0.0185323 
-0.0179925 0.071876 -0.00776427 -0.0181552 
-0.0149496 0.0727352 -0.0116582 -0.0176881 
-0.0118347 0.0733145 -0.0154684 -0.0171331 
-0.00866105 0.0736119 -0.0191789 -0.0164928 
-0.00544205 0.0736265 -0.0227744 -0.01577 
-0.00219138 0.0733589 -0.0262398 -0.0149678 
0.00107718 0.0728106 -0.0295608 -0.0140898 
0.00434985 0.0719843 -0.0327235 -0.0131399 
0.00761281 0.070884 -0.0357149 -0.012122 
0.0108523 0.0695149 -0.0385227 -0.0110407 
0.0140548 0.067883 -0.0411354 -0.00990058 
0.0172067 0.0659958 -0.0435422 -0.00870656 
0.020295 0.0638617 -0.0457333 -0.00746376 
0.0233066 0.0614899 -0.0477 -0.0061775 
0.026229 0.058891 -0.0494342 -0.00485328 
0.0290501 0.0560762 -0.050929 -0.00349674 
0.0317581 0.0530577 -0.0521785 -0.00211366 
0.0343417 0.0498488 -0.0531779 -0.000709902 
0.0367904 0.046463 -0.0539234 0.000708574 
0.039094 0.0429152 -0.0544122 0.00213577 
0.041243 0.0392204 -0.0546427 0.00356564 
0.0432286 0.0353944 -0.0546144 0.00499217 
0.0450428 0.0314538 -0.0543277 0.00640934 
0.0466781 0.0274151 -0.0537845 0.0078112 
0.048128 0.0232957 -0.0529873 0.00919186 
0.0493867 0.019113 -0.0519399 0.0105455 
0.0504491 0.0148847 -0.0506472 0.0118666 
0.0513111 0.0106288 -0.049115 0.0131494 
0.0519695 0.00636329 -0.0473502 0.0143888 
0.0524217 0.00210609 -0.0453606 0.0155795 
0.0526663 -0.00212482 -0.043155 0.0167166 
0.0527024 -0.00631167 -0.040743 0.0177954 
0.0525304 -0.0104369 -0.0381352 0.0188114 
0.0521513 -0.0144831 -0.0353428 0.0197606 
0.051567 -0.0184335 -0.0323779 0.0206389 
0.0507804 -0.0222716 -0.0292533 0.0214427 
0.049795 -0.0259813 -0.0259825 0.0221689 
0.0486154 -0.0295472 -0.0225795 0.0228145 
0.0472469 -0.0329546 -0.0190588 0.023377 
0.0456955 -0.0361892 -0.0154355 0.0238539 
0.043968 -0.0392379 -0.0117251 0.0242436 
0.0420722 -0.042088 -0.00794319 0.0245445 
0.0400162 -0.0447278 -0.00410601 0.0247555 
0.0378089 -0.0471466 -0.000229772 0.0248758 
0.03546 -0.0493346 0.00366912 0.0249051 
0.0329795 -0.0512828 0.00757419 0.0248434 
0.0303782 -0.0529835 0.011469 0.0246911 
0.0276671 -0.05443 0.015337 0.0244491 
0.024858 -0.0556164 0.0191622 0.0241184 
0.0219628 -0.0565384 0.0229283 0.0237007 
0.0189938 -0.0571924 0.0266196 0.0231978 
0.0159637 -0.0575761 0.0302207 0.022612 
0.0128854 -0.0576883 0.0337165 0.0219459 
0.00977198 -0.057529 0.0370925 0.0212024 
0.00663654 -0.0570994 0.0403347 0.0203848 
0.00349237 -0.0564017 0.0434295 0.0194967 
0.000352728 -0.0554393 0.0463643 0.0185419 
-0.00276914 -0.0542166 0.0491268 0.0175246 
-0.00586012 -0.0527393 0.0517057 0.0164492 
-0.00890722 -0.0510141 0.0540906 0.0153203 
-0.0118977 -0.0490485 0.0562715 0.0141426 
-0.014819 -0.0468513 0.0582397 0.0129214 
-0.0176589 -0.0444321 0.0599873 0.0116618 
-0.0204056 -0.0418016 0.0615072 0.0103691 
-0.0230477 -0.038971 0.0627933 0.00904896 
-0.0255742 -0.0359528 0.0638408 0.00770689 
-0.0279747 -0.0327599 0.0646454 0.00634859 
-0.0302392 -0.029406 0.0652044 0.00497984 
-0.0323584 -0.0259057 0.0655156 0.00360641 
-0.0343237 -0.0222738 0.0655782 0.00223411 
-0.0361269 -0.018526 0.0653924 0.000868716 
-0.0377608 -0.0146782 0.0649593 -0.000484028 
-0.0392188 -0.0107467 0.0642812 -0.00181844 
-0.040495 -0.00674838 0.0633613 -0.00312892 
-0.0415843 -0.00270011 0.062204 -0.00440999 
-0.0424824 0.00138094 0.0608144 -0.0056563 
-0.0431859 0.00547751 0.0591989 -0.00686264 
-0.0436921 0.00957232 0.0573646 -0.008024 
-0.0439993 0.0136481 0.0553196 -0.00913556 
-0.0441064 0.0176877 0.0530729 -0.0101927 
-0.0440133 0.0216741 0.0506343 -0.0111911 
-0.0437208 0.0255907 0.0480144 -0.0121266 
-0.0432304 0.029421 0.0452245 -0.0129954 
-0.0425446 0.033149 0.0422767 -0.0137939 
-0.0416664 0.0367592 0.0391836 -0.0145189 
-0.0406001 0.0402366 0.0359586 -0.0151674 
-0.0393503 0.0435667 0.0326155 -0.0157368 
-0.0379226 0.0467357 0.0291685 -0.0162249 
